0 0
1499 2.0551814063686424
1499 2.0551814063686424
1499 2.0551814063686424
1499 2.0551814063686424
1499 2.0551814063686424
1499 2.0551814063686424
1499 2.0551814063686424
1499 2.0551814063686424
1499 2.0551814063686424
1499 2.0551814063686424
1499 2.0551814063686424
0 1
1499 1.5064055666255356
1499 1.5064055666255356
1499 1.5064055666255356
1499 1.5064055666255356
1499 1.5064055666255356
1499 1.5064055666255356
1499 1.5064055666255356
1499 1.5064055666255356
1499 1.5064055666255356
1499 1.5064055666255356
1499 1.5064055666255356
0 2
1499 2.6780250007906927
1499 2.6780250007906927
1499 2.6780250007906927
1499 2.6780250007906927
1499 2.6780250007906927
1499 2.6780250007906927
1499 2.6780250007906927
1499 2.6780250007906927
1499 2.6780250007906927
1499 2.6780250007906927
1499 2.6780250007906927
0 3
1499 3.1112201325182696
1499 3.1112201325182696
1499 3.1112201325182696
1499 3.1112201325182696
1499 3.1112201325182696
1499 3.1112201325182696
1499 3.1112201325182696
1499 3.1112201325182696
1499 3.1112201325182696
1499 3.1112201325182696
1499 3.1112201325182696
0 4
1499 2.636142967025946
1499 2.636142967025946
1499 2.636142967025946
1499 2.636142967025946
1499 2.636142967025946
1499 2.636142967025946
1499 2.636142967025946
1499 2.636142967025946
1499 2.636142967025946
1499 2.636142967025946
1499 2.636142967025946
1 0
1499 1.8724113660161037
1499 1.8724113660161037
1499 1.8724113660161037
1499 1.8724113660161037
1499 1.8724113660161037
1499 1.8724113660161037
1499 1.8724113660161037
1499 1.8724113660161037
1499 1.8724113660161037
1499 1.8724113660161037
1499 1.8724113660161037
1 1
1499 2.722148354625111
1499 2.722148354625111
1499 2.722148354625111
1499 2.722148354625111
1499 2.722148354625111
1499 2.722148354625111
1499 2.722148354625111
1499 2.722148354625111
1499 2.722148354625111
1499 2.722148354625111
1499 2.722148354625111
1 2
1499 2.0929112131994696
1499 2.0929112131994696
1499 2.0929112131994696
1499 2.0929112131994696
1499 2.0929112131994696
1499 2.0929112131994696
1499 2.0929112131994696
1499 2.0929112131994696
1499 2.0929112131994696
1499 2.0929112131994696
1499 2.0929112131994696
1 3
1499 2.4694023958402953
1499 2.4694023958402953
1499 2.4694023958402953
1499 2.4694023958402953
1499 2.4694023958402953
1499 2.4694023958402953
1499 2.4694023958402953
1499 2.4694023958402953
1499 2.4694023958402953
1499 2.4694023958402953
1499 2.4694023958402953
1 4
1499 2.471862966631519
1499 2.471862966631519
1499 2.471862966631519
1499 2.471862966631519
1499 2.471862966631519
1499 2.471862966631519
1499 2.471862966631519
1499 2.471862966631519
1499 2.471862966631519
1499 2.471862966631519
1499 2.471862966631519
2 0
1499 2.9325964294108786
1499 2.9325964294108786
1499 2.9325964294108786
1499 2.9325964294108786
1499 2.9325964294108786
1499 2.9325964294108786
1499 2.9325964294108786
1499 2.9325964294108786
1499 2.9325964294108786
1499 2.9325964294108786
1499 2.9325964294108786
2 1
1499 1.513526695286572
1499 1.513526695286572
1499 1.513526695286572
1499 1.513526695286572
1499 1.513526695286572
1499 1.513526695286572
1499 1.513526695286572
1499 1.513526695286572
1499 1.513526695286572
1499 1.513526695286572
1499 1.513526695286572
2 2
1499 1.6800542013204767
1499 1.6800542013204767
1499 1.6800542013204767
1499 1.6800542013204767
1499 1.6800542013204767
1499 1.6800542013204767
1499 1.6800542013204767
1499 1.6800542013204767
1499 1.6800542013204767
1499 1.6800542013204767
1499 1.6800542013204767
2 3
1499 2.109634652416579
1499 2.109634652416579
1499 2.109634652416579
1499 2.109634652416579
1499 2.109634652416579
1499 2.109634652416579
1499 2.109634652416579
1499 2.109634652416579
1499 2.109634652416579
1499 2.109634652416579
1499 2.109634652416579
2 4
1499 3.682243001494395
1499 3.682243001494395
1499 3.682243001494395
1499 3.682243001494395
1499 3.682243001494395
1499 3.682243001494395
1499 3.682243001494395
1499 3.682243001494395
1499 3.682243001494395
1499 3.682243001494395
1499 3.682243001494395
3 0
1499 1.9286570714455196
1499 1.9286570714455196
1499 1.9286570714455196
1499 1.9286570714455196
1499 1.9286570714455196
1499 1.9286570714455196
1499 1.9286570714455196
1499 1.9286570714455196
1499 1.9286570714455196
1499 1.9286570714455196
1499 1.9286570714455196
3 1
1499 2.837666578932155
1499 2.837666578932155
1499 2.837666578932155
1499 2.837666578932155
1499 2.837666578932155
1499 2.837666578932155
1499 2.837666578932155
1499 2.837666578932155
1499 2.837666578932155
1499 2.837666578932155
1499 2.837666578932155
3 2
1499 2.853966613294223
1499 2.853966613294223
1499 2.853966613294223
1499 2.853966613294223
1499 2.853966613294223
1499 2.853966613294223
1499 2.853966613294223
1499 2.853966613294223
1499 2.853966613294223
1499 2.853966613294223
1499 2.853966613294223
3 3
1499 1.9457612853202895
1499 1.9457612853202895
1499 1.9457612853202895
1499 1.9457612853202895
1499 1.9457612853202895
1499 1.9457612853202895
1499 1.9457612853202895
1499 1.9457612853202895
1499 1.9457612853202895
1499 1.9457612853202895
1499 1.9457612853202895
3 4
1499 1.7917945146287222
1499 1.7917945146287222
1499 1.7917945146287222
1499 1.7917945146287222
1499 1.7917945146287222
1499 1.7917945146287222
1499 1.7917945146287222
1499 1.7917945146287222
1499 1.7917945146287222
1499 1.7917945146287222
1499 1.7917945146287222
4 0
1499 2.0536963547090816
1499 2.0536963547090816
1499 2.0536963547090816
1499 2.0536963547090816
1499 2.0536963547090816
1499 2.0536963547090816
1499 2.0536963547090816
1499 2.0536963547090816
1499 2.0536963547090816
1499 2.0536963547090816
1499 2.0536963547090816
4 1
1499 1.862414678129386
1499 1.862414678129386
1499 1.862414678129386
1499 1.862414678129386
1499 1.862414678129386
1499 1.862414678129386
1499 1.862414678129386
1499 1.862414678129386
1499 1.862414678129386
1499 1.862414678129386
1499 1.862414678129386
4 2
1499 2.309534321201848
1499 2.309534321201848
1499 2.309534321201848
1499 2.309534321201848
1499 2.309534321201848
1499 2.309534321201848
1499 2.309534321201848
1499 2.309534321201848
1499 2.309534321201848
1499 2.309534321201848
1499 2.309534321201848
4 3
1499 2.4768521203265306
1499 2.4768521203265306
1499 2.4768521203265306
1499 2.4768521203265306
1499 2.4768521203265306
1499 2.4768521203265306
1499 2.4768521203265306
1499 2.4768521203265306
1499 2.4768521203265306
1499 2.4768521203265306
1499 2.4768521203265306
4 4
1499 1.905923875923839
1499 1.905923875923839
1499 1.905923875923839
1499 1.905923875923839
1499 1.905923875923839
1499 1.905923875923839
1499 1.905923875923839
1499 1.905923875923839
1499 1.905923875923839
1499 1.905923875923839
1499 1.905923875923839
5 0
1499 1.325082965569029
1499 1.325082965569029
1499 1.325082965569029
1499 1.325082965569029
1499 1.325082965569029
1499 1.325082965569029
1499 1.325082965569029
1499 1.325082965569029
1499 1.325082965569029
1499 1.325082965569029
1499 1.325082965569029
5 1
1499 1.5098646053787468
1499 1.5098646053787468
1499 1.5098646053787468
1499 1.5098646053787468
1499 1.5098646053787468
1499 1.5098646053787468
1499 1.5098646053787468
1499 1.5098646053787468
1499 1.5098646053787468
1499 1.5098646053787468
1499 1.5098646053787468
5 2
1499 2.3498918980893175
1499 2.3498918980893175
1499 2.3498918980893175
1499 2.3498918980893175
1499 2.3498918980893175
1499 2.3498918980893175
1499 2.3498918980893175
1499 2.3498918980893175
1499 2.3498918980893175
1499 2.3498918980893175
1499 2.3498918980893175
5 3
1499 1.4669222851855614
1499 1.4669222851855614
1499 1.4669222851855614
1499 1.4669222851855614
1499 1.4669222851855614
1499 1.4669222851855614
1499 1.4669222851855614
1499 1.4669222851855614
1499 1.4669222851855614
1499 1.4669222851855614
1499 1.4669222851855614
5 4
1499 1.4144146123867278
1499 1.4144146123867278
1499 1.4144146123867278
1499 1.4144146123867278
1499 1.4144146123867278
1499 1.4144146123867278
1499 1.4144146123867278
1499 1.4144146123867278
1499 1.4144146123867278
1499 1.4144146123867278
1499 1.4144146123867278
6 0
1499 2.1438522775671407
1499 2.1438522775671407
1499 2.1438522775671407
1499 2.1438522775671407
1499 2.1438522775671407
1499 2.1438522775671407
1499 2.1438522775671407
1499 2.1438522775671407
1499 2.1438522775671407
1499 2.1438522775671407
1499 2.1438522775671407
6 1
1499 1.4456118798188518